=== GRAFO ===
0: [(1, 4), (2, 2)]
1: [(0, 4), (2, 1), (3, 5)]
2: [(0, 2), (1, 1), (3, 8), (4, 10)]
3: [(1, 5), (2, 8), (4, 2), (5, 6)]
4: [(2, 10), (3, 2), (5, 3), (6, 7)]
5: [(3, 6), (4, 3), (6, 1), (7, 9)]
6: [(4, 7), (5, 1), (7, 4), (8, 6)]
7: [(5, 9), (6, 4), (8, 2)]
8: [(6, 6), (7, 2)]

=== DIJKSTRA origem 0 ===
Distancias: [0, 3, 2, 8, 10, 13, 14, 18, 20]
Pais: [None, 2, 0, 1, 3, 4, 5, 6, 6]
Caminho 0 -> 5: [0, 2, 1, 3, 4, 5]
Custo: 13
Caminho 0 -> 8: [0, 2, 1, 3, 4, 5, 6, 8]
Custo: 20

=== DIJKSTRA origem 4 ===
Distancias: [10, 7, 8, 2, 0, 3, 4, 8, 10]
Pais: [2, 3, 1, 4, None, 4, 5, 6, 6]

=== PRIM ===
Arestas selecionadas:
(0, 2, 2)
(2, 1, 1)
(1, 3, 5)
(3, 4, 2)
(4, 5, 3)
(5, 6, 1)
(6, 7, 4)
(7, 8, 2)
Custo total: 20
Ordem: [0, 2, 1, 3, 4, 5, 6, 7, 8]

=== PRIM origem 4 ===
Arestas selecionadas:
(4, 3, 2)
(4, 5, 3)
(5, 6, 1)
(6, 7, 4)
(7, 8, 2)
(3, 1, 5)
(1, 2, 1)
(2, 0, 2)
Custo total: 20
Ordem: [4, 3, 5, 6, 7, 8, 1, 2, 0]

=== KRUSKAL ===
Arestas ordenadas:
(1, 1, 2)
(1, 5, 6)
(2, 0, 2)
(2, 3, 4)
(2, 7, 8)
(3, 4, 5)
(4, 0, 1)
(4, 6, 7)
(5, 1, 3)
(6, 3, 5)
(6, 6, 8)
(7, 4, 6)
(8, 2, 3)
(9, 5, 7)
(10, 2, 4)

Selecionadas:
(1, 2, 1)
(5, 6, 1)
(0, 2, 2)
(3, 4, 2)
(7, 8, 2)
(4, 5, 3)
(6, 7, 4)
(1, 3, 5)

Descartadas:
(0, 1, 4)
(3, 5, 6)
(6, 8, 6)
(4, 6, 7)
(2, 3, 8)
(5, 7, 9)
(2, 4, 10)
Custo total: 20

=== COMPARAÇÃO ===
Custo Prim: 20
Custo Kruskal: 20
Prim e Kruskal produziram o mesmo custo total.
